-70717.39
-53582.76
-258985.93
-134009.84
52533.78
-234540.46
-168542.90
-60850.54
-2857.07
252649.53
-219399.64
-258068.28
-224414.87
-110335.18
85783.38
115171.68
159457.04
23091.53
21933.05
202765.94
64359.49
14021.99
97474.88
341357.01
7023.66
-266363.17
-37814.16
-77293.70
-208421.67
-113329.58
228557.92
-221418.76
74409.56
438483.55
-334733.90
97631.80
-411563.54
-121792.70
224535.94
-169733.16
-768.70
164606.46
-205221.99
148681.45
-94462.16
-178431.35
-3304.51
71784.49
170893.75
-70405.55
161042.17
101007.34
-193277.80
-452113.01
-109389.70
96840.07
254.33
-120990.48
40278.07
68066.67
87345.38
-367003.44
271396.52
180163.47
-34534.41
-339302.39
-13964.77
-54827.91
39010.41
146197.32
114946.85
34148.31
-637277.52
438584.27
119149.21
35391.99
-271295.57
262161.78
35125.04
-34359.85
143973.84
389537.96
-77398.80
366602.87
87552.83
-47991.18
-275840.24
152095.64
208682.86
114381.76
95040.28
3851.30
208659.23
174950.30
-122193.16
-79.62
-10504.71
475690.16
-187402.69
-155265.51
223195.10
182131.68
11813.23
-93254.04
-206275.39
284746.07
556145.14
17610.63
-80657.18
95442.77
193732.65
-158045.46
-300295.95
241045.08
-249592.59
371397.03
-240469.11
-237463.77
-179653.61
28401.43
125231.78
-82620.31
70526.47
206539.51
22914.06
212280.90
-209623.78
347011.90
99811.93
-198467.67
22632.65
79525.03
-107651.37
-386277.12
81365.55
65075.77
-245604.59
-19332.82
-49006.30
-312356.65
-188904.42
-184806.97
-220101.55
-56299.72
-191217.40
-360785.98
34921.40
-133607.41
19787.12
-150752.47
-203632.87
468363.16
74301.18
-7584.27
-165351.13
-75613.21
16962.43
-170918.71
-27089.84
17531.79
-171877.05
-47884.81
-254297.61
89226.10
-304858.01
-49367.88
421971.83
36053.45
-160085.54
15054.18
64528.74
-83505.88
229860.33
-32159.50
-55251.55
44018.61
-4127.15
89952.33
240480.02
-31205.07
32730.19
17991.24
-335343.97
-20115.70
115058.18
-103155.64
41936.68
-10944.91
172265.35
-39274.07
36477.11
2906.37
-123412.96
-181596.51
-14327.99
70125.62
-23107.58
139932.66
38420.19
44500.15
292521.68
-142209.45
34102.93
-409057.45
24208.08
-40716.08
-164995.10
-29992.01
-12673.57
-159559.09
-43282.63
-79510.12
-45434.14
36067.46
-192038.58
-58704.55
-16286.52
193887.60
-241992.03
14828.31
204699.26
-91010.61
-192567.06
-28427.90
171317.72
231559.64
105994.91
-86000.67
-195504.27
-28500.63
4543.33
-115765.38
50794.87
-180700.85
61648.33
-230799.99
-105545.57
62165.70
189627.01
251824.05
17205.78
226018.06
-128492.39
127851.81
200856.38
228751.98
-60653.13
70015.55
-14795.70
-32698.25
378878.51
120487.93
-54697.49
-198689.96
-29312.41
120549.97
-383234.99
-119688.99
-326135.37
-58668.11
128893.09
125752.65
155883.81
-494240.87
-30836.88
5510.13
-67342.25
-56016.08
192057.23
34323.90
-167015.77
60202.64
-526633.25
-341688.43
-316034.42
211940.94
-109614.11
-281053.37
309567.25
-111997.01
22130.04
-129912.30
-384348.28
-222846.83
164044.95
-22890.13
97631.45
98555.02
179547.04
-5515.09
-282970.36
63020.37
85508.42
94573.97
47063.19
-93302.05
57530.92
157835.49
-94663.49
201954.31
208769.16
156767.36
117891.11
68810.98
22576.72
-8109.98
-44695.07
424263.63
183918.67
-119174.03
49906.53
332593.45
-201793.20
28224.98
-91793.33
-195963.99
13378.21
31920.29
205996.24
289537.13
223979.30
95213.34
270287.60
-15672.53
154685.29
177535.31
273333.40
-237687.29
-136557.33
296325.38
98332.11
-568646.07
45407.82
-110486.22
-537115.41
2774.83
-44725.32
-68903.89
116147.96
204649.48
103437.82
-368617.63
-122531.05
32048.57
-80974.91
163071.96
263756.40
-183821.05
-203403.70
41958.50
36339.46
-133913.67
-97620.01
135575.18
308804.13
-25949.21
217935.22
145803.78
-92236.44
260147.29
276378.20
-174309.70
74244.11
-2964.23
164256.37
18432.55
24274.58
-3070.05
332345.28
-21299.35
97183.14
294509.31
-22246.75
-10793.89
35648.84
-86965.66
112400.76
364309.05
-399079.76
-109809.83
-170024.58
-87476.85
5415.54
-38869.90
78691.77
-17407.70
65673.04
-132080.70
-443626.05
214066.18
-154505.69
-383587.12
-239842.94
-286165.50
453602.76
199093.69
179394.66
245836.90
26024.79
200948.53
426653.09
-590976.93
-338689.54
314752.52
12150.10
-304799.01
-12987.38
294786.09
-242529.44
35475.54
222051.28
-472.73
-100706.27
-304381.25
-217944.35
-67574.90
-11796.11
75442.16
287372.81
398032.75
-458037.44
-179118.78
130221.22
565422.47
332477.04
23822.66
-182498.59
-107071.07
115476.59
119112.72
190573.83
-146151.25
128632.36
222202.59
125029.93
-260423.25
-75653.20
-166527.79
48773.05
97464.38
-2322.72
-61626.35
-98234.43
12127.99
198650.79
-397060.00
-83159.24
101324.15
-179392.74
-451726.12
-238375.41
-130487.37
-200598.17
97599.68
37740.06
-116718.50
169680.42
-368864.58
-407166.55
-331357.24
112082.75
38731.85
-407237.10
-30780.57
435419.64
-156067.42
55068.05
337864.62
-273260.89
29190.33
92826.36
106812.12
226648.76
256676.76
-39350.94
-346397.85
-209740.16
78304.55
-33593.84
-107468.17
23821.88
252224.34
-143114.03
211822.33
-18075.72
113392.22
240425.43
120416.31
-69203.72
-43150.02
493534.83
-71345.29
55192.65
-50758.02
-30953.95
266318.09
18779.14
-414461.47
186612.24
-177411.87
-65805.14
-131745.10
-439445.19
109693.35
119058.82
-174599.70
56766.62
219778.14
233374.97
-250841.57
-133692.36
-325573.69
-35027.67
-93504.37
-210000.94
349868.04
-89267.40
-159646.35
156939.31
29614.67
-245839.65
-145654.21
142403.61
32520.56
70759.10
-236929.95
84043.69
-113028.64
3594.34
-169535.67
47709.90
459966.25
96124.90
10525.08
59603.25
79123.25
-220866.27
374796.23
74169.56
7255.09
40299.94
534498.05
-76468.49
-25858.89
-116337.28
203869.94
-14266.06
334523.55
-15901.66
519082.61
-546636.92
-389257.02
126262.26
165998.78
16402.64
-119232.01
-120851.97
-211020.38
-279465.11
94717.62
-283810.17
309355.95
47667.89
-228613.64
39300.53
-95944.87
4084.76
-122895.00
-282770.02
-269804.84
-89325.81
-114062.80
-92320.33
-109479.25
-362113.60
190103.95
145872.13
145827.51
-176242.21
-81114.02
47220.43
295774.36
-201244.58
98267.95
-79320.72
103031.12
242342.29
-73358.59
-113955.06
116828.94
255893.64
-8091.89
269489.57
-249503.76
-134396.18
-55789.48
63080.85
-143570.74
41557.62
86145.75
37403.33
344596.85
269887.65
-47241.07
-92032.02
141631.63
81709.50
-44723.03
118244.24
-292747.92
-97836.82
149169.06
357935.65
-35997.25
-232811.16
-332076.88
-259332.17
257975.58
-155546.82
-97885.17
-90143.04
-90639.40
-314390.57
-70548.08
49810.16
139147.80
53201.15
23709.72
59725.94
25937.35
11289.25
-335314.54
25817.10
-20277.69
-151036.38
146255.09
31595.81
-62346.78
92323.26
-184148.89
-83453.07
192851.09
-419921.43
-16183.11
303301.64
583591.36
-304588.45
107127.76
58373.32
-182057.14
256202.19
20882.41
-238310.24
309347.73
-57603.16
183102.44
377833.04
102887.78
177118.42
-192559.13
99457.31
132683.85
-172950.22
-220434.82
61382.02
-169986.01
-26263.35
92372.04
-231282.23
19571.71
-81139.32
287700.63
-230055.73
-220927.75
74564.09
84060.89
-285633.27
-98709.85
179298.62
-259648.66
-242732.89
39669.16
-362142.63
-38471.50
178638.14
-84802.68
124338.83
-90815.45
-152867.46
-146741.39
-393674.51
-31948.75
-260647.12
3277.84
-169535.90
5915.15
-61989.26
-145247.97
-174314.32
-86416.18
-165799.36
176535.55
50586.66
155069.09
-107832.42
-103725.37
99741.23
-162282.91
-90856.68
-26033.54
-9012.04
127314.87
156138.59
-86549.20
-366528.53
-44915.96
-141530.99
251709.97
334507.88
269704.38
164957.63
-13295.96
196664.18
73603.11
219518.10
49758.80
310592.19
407991.16
220511.11
154383.95
-174670.07
25481.85
-126276.09
223100.20
26757.01
-168950.85
-223285.94
-81230.85
102578.57
-52178.92
164963.57
79134.83
411216.86
80706.73
-34599.95
59118.81
385314.09
-150922.01
-267381.36
328701.58
50720.47
-133692.65
-64874.52
39458.37
-94395.89
-421487.59
379320.84
376202.64
37215.47
159168.35
158455.10
-119651.19
88827.74
211764.61
-87871.34
-564203.38
-108909.31
145690.14
240249.40
-374811.25
487233.70
-29988.78
-51887.06
-17202.49
-230473.64
82223.65
-277347.54
275104.99
10353.67
-240676.64
83573.90
-228372.30
247219.72
-297212.40
-122872.87
22619.31
198094.13
-72939.66
278478.74
-93412.92
84143.78
127875.10
-186497.76
-133903.26
76702.55
375274.25
36004.35
83763.29
120864.78
148200.88
233184.64
109916.37
140379.52
-42376.29
-212662.53
-171439.84
-101496.31
-342611.99
150895.42
90636.27
-262559.78
101535.44
109951.13
77701.00
288406.15
88754.82
143497.42
-284108.49
59639.65
24632.97
63952.79
253018.96
-33503.18
68839.62
-120885.37
141952.83
147852.58
-273184.97
-51061.06
254224.79
86262.66
-292125.40
-217012.29
-275603.33
71635.71
-163962.98
80840.10
-223969.99
-60519.29
-246335.29
167098.69
30287.39
102526.75
-35805.50
261967.13
11200.10
-503049.04
-85446.06
24138.30
93800.86
-105031.55
-28378.00
-84297.73
-182657.86
216637.44
53413.61
185265.75
68851.65
54012.38
69008.28
-84697.47
37488.35
25100.44
-30904.11
-198105.10
151609.15
233383.88
88331.09
-237828.11
112204.44
-125274.59
-206097.20
-174786.98
63469.99
-63286.75
161481.53
-380660.00
284093.03
-35245.94
-288860.44
98776.59
-254633.46
-68791.81
-113968.65
-100545.57
-245047.77
128909.11
-73877.04
-419437.23
267752.19
-256074.38
-142758.56
-16934.84
-154381.96
-72524.42
100587.68
55870.14
98836.52
-180599.80
-30936.15
371043.18
6417.78
147484.38
102314.05
-18694.89
59877.00
-441913.76
-497405.22
-395630.67
-237894.34
368454.22
53236.92
67886.72
349803.00
415183.73
185391.90
12118.73
139436.20
275711.19
92762.19
-202618.12
13242.99
27802.07
-152178.30
121998.78
-16646.54
-342134.50
-217797.42
-4118.17
105124.27
150165.95
-24004.86
178826.11
173218.55
-87297.60
-359017.46
453235.22
95614.11
132477.64
10636.70
207822.07
-13655.07
-334351.39
-224238.66
141256.64
204939.89
108923.79
-128783.30
239676.20
-83058.06
-62574.18
-281296.24
35048.82
26455.45
238949.38
-190225.95
-107320.78
115824.77
-154919.11
26974.35
-83596.20
-213155.56
255199.81
149739.06
361445.54
65944.48
-73686.48
207619.35
237202.51
-21573.14
130218.86
-83908.54
-91210.47
-20640.83
128422.96
-278034.52
-33655.47
-215915.93
-375485.73
-469470.08
274072.80
9982.43
30344.76
-216392.52
46251.26
-151775.39
-6913.99
-59538.17
134021.06
-180278.71
-60078.50
113717.64
-170127.29
42779.36
-37332.70
-117044.33
132796.14
